day <-
c(0, 1, 2, 3, 4, 5, 6, 7, 8, 9, 10, 11, 12, 13, 14, 15, 16, 17, 
18, 19, 20, 21, 22, 23, 24, 25, 26, 27, 28, 29, 30, 31, 32, 33, 
34, 35, 36, 37, 38, 39, 40, 41, 42, 43, 44, 45, 46, 47, 48, 49, 
50, 51, 52, 53, 54, 55, 56, 57, 58, 59, 60, 61, 62, 63, 64, 65, 
66, 67, 68, 69, 70, 71, 72, 73, 74, 75, 76, 77, 78, 79)
cases <-
c(1, 0, 0, 0, 0, 0, 0, 0, 0, 0, 0, 0, 0, 0, 0, 0, 0, 0, 0, 0, 
0, 7, 9, 22, 13, 41, 113, 68, 112, 151, 183, 292, 267, 392, 470, 
862, 737, 1101, 1289, 2123, 2611, 4198, 5771, 6533, 8967, 10679, 
10166, 12294, 17316, 18673, 19353, 19482, 21224, 24477, 25179, 
28058, 31999, 33518, 25966, 28747, 30409, 30171, 34215, 34588, 
31045, 28013, 24969, 25920, 30317, 31017, 31881, 28037, 27599, 
25184, 25942, 28602, 31749, 34196, 35991, 27033)
deaths <-
c(0, 0, 0, 0, 0, 0, 0, 0, 0, 0, 0, 0, 0, 0, 0, 0, 0, 0, 0, 2, 
0, 2, 1, 3, 3, 3, 2, 4, 6, 1, 4, 4, 2, 6, 8, 4, 8, 14, 21, 22, 
25, 44, 64, 53, 131, 84, 204, 228, 278, 373, 434, 489, 533, 817, 
946, 1101, 1188, 1375, 1227, 1223, 1904, 1896, 1922, 2092, 1935, 
1551, 1517, 2312, 2562, 2161, 2065, 1787, 1659, 1699, 2555, 2041, 
1814, 1842, 1818, 1095)
N <-
80L
tau_t <-
7
tau_delta <-
17
delta <-
0.01
